-338.5576 -338.7045 -338.4924 -338.362 -338.8578
-338.7771 -339.0833 -338.789 -338.5205 -338.4155
-338.8634 -338.4173 -338.4967 -338.5319 -338.5297
-338.3971 -339.1757 -338.7736 -338.9074 -339.2047
-339.0186 -338.8886 -338.2989 -338.7093 -338.4328
-339.0099 -339.3826 -338.302 -339.3506 -338.6996
-338.8205 -338.5383 -338.1023 -338.6609 -338.7195
-338.495 -339.0302 -338.8314 -338.8521 -339.1665
-338.7334 -338.6565 -338.8896 -338.4874 -338.6501
-338.6958 -338.7905 -338.6559 -338.9426 -338.5576
