-338.8345 -338.5893 -338.1232 -339.4839 -338.6472
-337.486 -338.5247 -338.1338 -340.1785 -339.6345
-338.7017 -338.5701 -338.2142 -338.2564 -337.6098
-338.8252 -341.2757 -339.0309 -364.2591 -338.2742
-348.0788 -338.7115 -338.5313 -338.0158 -344.737
-339.2729 -340.4002 -344.0248 -338.7747 -337.8449
-338.6847 -344.2726 -337.9804 -338.1082 -338.4982
-340.0267 -337.6651 -338.8983 -344.2971 -338.1254
-338.8778 -338.3934 -339.6339 -338.9217 -337.5704
-361.8774 -338.1745 -338.8532 -338.8834 -344.2745
-339.1065 -338.9142 -338.6999 -348.906 -338.1796
-338.8394 -338.2901 -338.1896 -339.897 -346.2132
-341.9254 -337.893 -341.6786 -339.3675 -338.1338
-338.6505 -338.5243 -338.727 -338.0527 -340.5099
-338.6934 -340.7242 -342.7427 -339.569 -345.5314
-338.6387 -338.7426 -339.2395 -339.2712 -340.0669
-344.1515 -338.2341 -339.033 -338.999 -339.4787
-338.4142 -339.6735 -337.8218 -339.4344 -338.3538
-349.3782 -338.6613 -339.8027 -338.5339 -337.8949
-339.5384 -341.1599 -341.7892 -339.6349 -338.0775
