-130.4662 -130.5536 -130.5896 -130.5052 -130.3128
-130.5626 -130.4287 -130.5574 -130.6036 -130.4602
-130.4408 -130.4774 -130.4441 -130.4994 -130.4333
-130.4271 -130.484 -130.4373 -130.4634 -130.3986
-130.4088 -130.5025 -130.3308 -130.4009 -130.5486
-130.4416 -130.4822 -130.3971 -130.4612 -130.598
-130.3789 -130.545 -130.4334 -130.5058 -130.4568
-130.4262 -130.532 -130.3991 -130.5347 -130.5956
-130.4394 -130.524 -130.4501 -130.5322 -130.4042
-130.42 -130.3994 -130.4977 -130.4947 -130.473
-130.4576 -130.2402 -130.5488 -130.5765 -130.5177
-130.4264 -130.5665 -130.5836 -130.4817 -130.3743
-130.4268 -130.5142 -130.5885 -130.4983 -130.5335
-130.4859 -130.596 -130.5813 -130.5384 -130.4726
-130.3798 -130.4327 -130.289 -130.4481 -130.412
-130.5516 -130.5191 -130.3844 -130.5379 -130.2879
-130.4135 -130.4087 -130.4937 -130.4037 -130.435
-130.4664 -130.415 -130.5272 -130.4214 -130.5974
-130.4868 -130.405 -130.5132 -130.4469 -130.4891
-130.5475 -130.4714 -130.4882 -130.6528 -130.5255
