-130.4625 -130.4552 -130.487 -130.4695 -130.4885
-130.4547 -130.5112 -130.5121 -130.4885 -130.4591
-130.4527 -130.474 -130.4558 -130.4511 -130.4918
-130.4824 -130.477 -130.4633 -130.5084 -130.4968
-130.479 -130.4502 -130.4506 -130.4838 -130.4444
-130.4892 -130.5027 -130.4731 -130.4797 -130.4839
-130.4958 -130.4665 -130.5306 -130.4566 -130.5174
-130.4825 -130.5231 -130.4756 -130.4589 -130.4903
-130.4691 -130.4496 -130.487 -130.4886 -130.505
-130.4712 -130.4661 -130.4823 -130.523 -130.4969
-130.4946 -130.4714 -130.4598 -130.4684 -130.4486
-130.5044 -130.4593 -130.4574 -130.4819 -130.4863
-130.4929 -130.5049 -130.46 -130.477 -130.5073
-130.4718 -130.4772 -130.4628 -130.4462 -130.4788
-130.5024 -130.4635 -130.4696 -130.5081 -130.4607
-130.4838 -130.4449 -130.4457 -130.4597 -130.4737
-130.4866 -130.4462 -130.5099 -130.5275 -130.4678
-130.441 -130.475 -130.4893 -130.5054 -130.4861
-130.4904 -130.5088 -130.4961 -130.4943 -130.4515
-130.4904 -130.4547 -130.4528 -130.505 -130.4308
