-254.426 -251.9 -251.8935 -249.8088 -272.5389
-275.2031 -249.3192 -277.8065 -253.3616 -252.2491
-278.8234 -258.9555 -249.444 -266.9417 -249.3049
-295.128 -258.0229 -267.6602 -250.3476 -251.6601
-264.7566 -249.315 -257.4476 -252.8681 -249.6428
-260.8146 -251.2935 -249.7764 -249.0413 -279.2016
-249.3153 -267.4614 -253.7344 -256.5562 -261.6045
-264.4252 -254.8296 -254.8586 -256.6894 -260.1201
-249.3577 -249.4116 -280.9815 -284.3708 -254.4225
-298.2985 -250.8295 -259.7226 -248.7774 -249.3402
-267.8625 -285.3687 -287.0514 -251.5457 -250.1295
-259.9357 -250.4268 -253.8583 -257.9992 -261.594
-252.0631 -249.2256 -249.2499 -256.3284 -251.8507
-256.3659 -274.349 -285.8302 -270.1939 -286.7178
-256.6334 -261.3369 -251.2745 -250.4169 -251.4017
-249.431 -274.7835 -274.8354 -252.7636 -249.4564
-250.5128 -261.2575 -267.4948 -251.0405 -249.2763
-252.4684 -260.1683 -274.9947 -249.7963 -254.7437
-269.5446 -261.4748 -250.5152 -253.3493 -255.4302
-255.4811 -248.8286 -254.8123 -256.3363 -263.3471
