-250.2762 -250.7121 -250.51 -250.5758 -250.5926
-250.4509 -250.8273 -250.7153 -250.6012 -250.2904
-250.8603 -250.7721 -250.4034 -250.7636 -250.9436
-250.3602 -250.5919 -250.5892 -250.7096 -250.4679
-250.8912 -250.4272 -250.7527 -250.3251 -250.6552
-250.3653 -250.4022 -250.4276 -250.9819 -250.56
-250.7682 -250.7046 -250.604 -250.9344 -250.4283
-250.3303 -250.4914 -250.3612 -250.4337 -250.6445
-250.1755 -250.9835 -250.6972 -251.2061 -250.7941
-250.6573 -251.1884 -250.4993 -250.7508 -250.4571
-250.4422 -250.6887 -250.6371 -251.0509 -250.3849
-250.8201 -250.6008 -250.3254 -250.6465 -250.367
-250.2309 -250.525 -251.0059 -250.7453 -250.9679
-251.0086 -250.48 -250.9495 -250.5464 -250.6202
-250.5313 -250.7176 -250.8231 -250.4074 -250.3931
-250.8383 -250.8021 -250.6809 -250.7061 -250.2009
-250.8399 -250.6068 -250.7423 -251.046 -250.7897
-250.2317 -250.6605 -250.9721 -250.4286 -250.7432
-250.3911 -250.6163 -251.2254 -250.7198 -250.844
-250.6469 -250.9966 -250.8229 -250.4417 -250.4972
