-338.7583 -338.677 -338.6782 -338.779 -338.7104
-338.6329 -338.7336 -338.6721 -338.8494 -338.7152
-338.6711 -338.578 -338.6444 -338.6714 -338.7092
-338.6417 -338.6565 -338.7779 -338.6584 -338.6015
-338.6782 -338.7319 -338.7087 -338.7029 -338.7307
-338.7388 -338.7394 -338.704 -338.7784 -338.531
-338.6925 -338.6879 -338.7135 -338.7003 -338.788
-338.752 -338.6491 -338.8383 -338.7021 -338.819
-338.8015 -338.7828 -338.7569 -338.7439 -338.849
-338.7209 -338.6356 -338.7314 -338.6234 -338.6993
