-130.4925 -130.5044 -130.503 -130.4981 -130.4904
-130.5008 -130.4901 -130.5065 -130.4669 -130.4796
-130.4791 -130.4619 -130.4765 -130.4998 -130.4945
-130.4965 -130.4916 -130.4805 -130.4844 -130.4688
-130.5003 -130.4926 -130.4874 -130.4827 -130.4904
-130.487 -130.4878 -130.5134 -130.5109 -130.4859
-130.4925 -130.4673 -130.4866 -130.4957 -130.5118
-130.4884 -130.4886 -130.5092 -130.4887 -130.4872
-130.4978 -130.5015 -130.4905 -130.5014 -130.5035
-130.4752 -130.5086 -130.4952 -130.5094 -130.4936
-130.4948 -130.4902 -130.4962 -130.4831 -130.4959
-130.4993 -130.4578 -130.5042 -130.486 -130.5034
-130.4948 -130.48 -130.4997 -130.4921 -130.496
-130.4972 -130.4716 -130.4959 -130.4885 -130.5046
-130.5025 -130.5009 -130.4887 -130.4812 -130.5044
-130.4945 -130.4788 -130.4716 -130.4981 -130.4791
-130.4927 -130.4714 -130.4912 -130.4718 -130.5119
-130.4985 -130.5039 -130.4885 -130.5009 -130.4856
-130.4962 -130.49 -130.4782 -130.4781 -130.5057
-130.4847 -130.4997 -130.5136 -130.4927 -130.4802
