-130.4858 -130.3811 -130.5225 -130.4874 -130.5916
-130.583 -130.541 -130.486 -130.4499 -130.4563
-130.4627 -130.5091 -130.4314 -130.465 -130.4109
-130.5511 -130.5109 -130.526 -130.4868 -130.4207
-130.5307 -130.4392 -130.4619 -130.4412 -130.5106
-130.5683 -130.4941 -130.5313 -130.5644 -130.4379
-130.5252 -130.4273 -130.4535 -130.4619 -130.5336
-130.4117 -130.4853 -130.4048 -130.4854 -130.4526
-130.4206 -130.5471 -130.4906 -130.4682 -130.5501
-130.5465 -130.5308 -130.4783 -130.4587 -130.506
-130.5044 -130.4967 -130.5259 -130.4929 -130.4527
-130.4991 -130.4977 -130.4744 -130.603 -130.4313
-130.4567 -130.4801 -130.4676 -130.4777 -130.4534
-130.4906 -130.4499 -130.4904 -130.479 -130.4377
-130.5165 -130.4323 -130.4709 -130.4743 -130.4498
-130.5188 -130.4724 -130.4584 -130.4486 -130.5506
-130.4692 -130.4794 -130.4209 -130.4888 -130.4905
-130.4313 -130.5254 -130.5025 -130.559 -130.4662
-130.5089 -130.4941 -130.5965 -130.5007 -130.5026
-130.4819 -130.5035 -130.5334 -130.4665 -130.5564
