-338.5793 -338.2561 -338.5689 -338.6921 -338.4293
-338.5203 -338.8029 -338.8041 -338.7514 -338.5857
-338.1745 -338.7049 -338.7425 -338.8488 -338.4597
-338.6596 -338.8766 -338.6736 -339.0381 -338.4637
-338.5699 -338.5261 -338.5022 -338.9563 -338.5235
-338.5744 -338.9102 -338.6498 -338.7598 -338.9093
-338.9693 -338.4362 -338.6457 -338.3846 -338.8012
-338.9276 -338.5082 -338.5331 -338.7193 -338.9222
-338.9244 -338.8556 -338.992 -338.7797 -338.9093
-338.6186 -338.5322 -338.9423 -338.6069 -338.6962
-338.3367 -338.6578 -338.4496 -338.6124 -338.7325
-338.7956 -338.7642 -338.8415 -339.0198 -338.6469
-338.4965 -339.2035 -338.4482 -338.8085 -338.7047
-339.0089 -338.6493 -338.9533 -338.5421 -338.4728
-338.7651 -339.0005 -338.8793 -338.829 -338.468
-339.2166 -338.371 -338.4972 -338.593 -338.6354
-338.6009 -338.8839 -338.5727 -338.899 -338.7565
-338.7303 -339.0265 -338.8297 -339.1393 -339.0301
-338.725 -338.7346 -338.6686 -338.5427 -338.5911
-338.6009 -338.9196 -338.7445 -338.3177 -338.8892
