-130.4384 -130.4989 -130.511 -130.4331 -130.4413
-130.499 -130.5137 -130.4613 -130.4098 -130.4463
-130.4576 -130.4919 -130.5103 -130.461 -130.4342
-130.4784 -130.4246 -130.5134 -130.5127 -130.4978
-130.4766 -130.4895 -130.5057 -130.52 -130.4147
-130.5361 -130.5038 -130.5683 -130.4422 -130.5429
-130.445 -130.4394 -130.4274 -130.4834 -130.5819
-130.4395 -130.5107 -130.4848 -130.4969 -130.5267
-130.4806 -130.4579 -130.4088 -130.4034 -130.5051
-130.5335 -130.5096 -130.5102 -130.5894 -130.468
-130.4196 -130.5216 -130.4963 -130.505 -130.5332
-130.468 -130.5291 -130.483 -130.5543 -130.5387
-130.5692 -130.4614 -130.468 -130.5484 -130.4267
-130.4964 -130.5058 -130.4185 -130.538 -130.4675
-130.511 -130.4467 -130.4918 -130.4525 -130.5144
-130.435 -130.525 -130.4552 -130.4733 -130.5217
-130.5068 -130.5468 -130.4971 -130.5361 -130.4598
-130.5311 -130.4679 -130.4727 -130.5547 -130.4603
-130.5335 -130.5205 -130.4675 -130.4177 -130.5176
-130.4627 -130.5241 -130.4609 -130.4594 -130.4897
