-250.5213 -250.792 -250.9067 -250.4651 -250.2462
-250.7452 -250.7949 -250.7358 -250.932 -250.41
-250.2059 -250.9689 -250.3876 -250.8378 -250.7227
-250.4817 -250.679 -250.458 -250.2412 -250.7228
-250.8999 -250.7817 -250.3895 -250.0704 -250.4407
-250.2565 -250.1652 -251.1392 -250.4149 -250.8831
-250.8924 -250.5214 -250.3139 -250.7648 -250.8707
-250.8058 -250.6518 -249.945 -250.493 -250.4605
-250.6178 -250.2621 -250.232 -250.252 -250.6259
-250.5735 -250.2042 -250.6233 -250.5308 -250.42
-250.6174 -250.5129 -250.5545 -250.1992 -250.5798
-250.866 -250.7628 -250.5942 -250.8272 -250.935
-250.6087 -250.4228 -250.8391 -250.6784 -250.4504
-250.6402 -250.5672 -250.5884 -250.377 -250.5536
-250.8004 -251.0332 -250.6009 -250.5967 -250.4812
-250.3658 -250.3546 -250.4786 -250.5639 -250.3959
-250.2167 -250.6795 -250.8333 -250.0912 -250.2209
-250.901 -250.724 -250.5461 -250.8442 -250.5376
-250.6493 -250.7742 -250.8315 -250.5221 -250.6717
-250.2962 -250.5183 -250.7278 -250.3676 -250.3066
