-338.6529 -338.9209 -338.6054 -338.8053 -338.4723
-338.3844 -338.6279 -338.6586 -338.463 -338.7417
-338.7191 -338.7641 -338.75 -338.6305 -338.9156
-338.8171 -338.8067 -338.6034 -338.888 -338.6131
-338.6084 -338.6026 -338.603 -338.5405 -338.5635
-338.7059 -338.9118 -338.7841 -339.2235 -338.2684
-338.6291 -338.8295 -338.567 -338.632 -339.3143
-338.7184 -339.2082 -338.7423 -338.5793 -338.648
-339.041 -338.5973 -338.8723 -338.4183 -338.9719
-338.4371 -338.5749 -338.6242 -338.6007 -338.477
-338.6334 -338.352 -338.5817 -338.5431 -338.464
-338.7293 -338.6409 -338.9022 -338.6083 -339.0018
-338.671 -338.8456 -338.5416 -338.7065 -338.5788
-338.6119 -338.3177 -338.9914 -338.6361 -338.9992
-338.6447 -338.7459 -338.6759 -338.7819 -338.4409
-338.3394 -338.6763 -338.7509 -338.6827 -338.6281
-338.6276 -338.9842 -338.6372 -338.8078 -338.4764
-339.0102 -338.8642 -338.8013 -338.9972 -339.0698
-338.5954 -338.6248 -338.8667 -338.7605 -338.5454
-338.681 -338.6979 -338.2936 -338.739 -338.5959
