-130.4897 -130.4812 -130.4765 -130.4767 -130.4852
-130.4696 -130.4814 -130.4802 -130.5097 -130.497
-130.4731 -130.4787 -130.5018 -130.4873 -130.4778
-130.504 -130.4931 -130.4957 -130.4921 -130.4797
-130.4792 -130.4868 -130.4659 -130.4759 -130.4931
-130.4922 -130.4823 -130.504 -130.5077 -130.482
-130.4951 -130.4612 -130.4848 -130.5098 -130.463
-130.4827 -130.4847 -130.4715 -130.4861 -130.4828
-130.502 -130.4864 -130.4668 -130.506 -130.4601
-130.5008 -130.4878 -130.5042 -130.4963 -130.495
-130.4788 -130.4779 -130.4939 -130.4866 -130.4751
-130.493 -130.5168 -130.4994 -130.4972 -130.4954
-130.5007 -130.4729 -130.4867 -130.4892 -130.5128
-130.509 -130.4894 -130.5123 -130.4827 -130.4953
-130.5089 -130.5047 -130.5054 -130.4978 -130.4881
-130.507 -130.4591 -130.4631 -130.5036 -130.4947
-130.4791 -130.4914 -130.5112 -130.4942 -130.5066
-130.4964 -130.4774 -130.4894 -130.4983 -130.4908
-130.501 -130.4879 -130.498 -130.4836 -130.4591
-130.4808 -130.4847 -130.4817 -130.4938 -130.5022
