-338.7459 -338.5516 -338.7451 -338.6873 -338.6109
-338.6517 -338.711 -338.6883 -338.71 -338.7318
-338.7661 -338.7573 -338.7527 -338.7921 -338.7327
-338.7038 -338.6087 -338.6546 -338.7536 -338.7132
-338.5626 -338.7078 -338.6643 -338.8293 -338.7437
-338.6327 -338.6961 -338.6528 -338.6492 -338.7216
-338.7992 -338.6078 -338.7399 -338.6953 -338.6715
-338.522 -338.7012 -338.8049 -338.694 -338.6541
-338.6859 -338.7284 -338.7859 -338.7418 -338.8019
-338.7362 -338.7315 -338.6722 -338.7298 -338.6952
